8.000000
25.333334
8.000000
8.000000
26.666668
8.000000
18.099998
22.976191
8.000000
8.000000
25.333334
8.000000
8.000000
8.000000
24.642857
25.676189
24.309525
18.099998
24.366667
25.342857
25.342857
8.000000
8.000000
8.000000
25.000000
8.000000
8.000000
25.000000
25.342857
8.000000
25.000000
8.000000
8.000000
8.000000
8.000000
24.066666
15.333333
25.342857
8.000000
8.000000
8.000000
8.000000
24.000000
24.309525
8.000000
25.000000
8.000000
8.000000
25.342857
22.976191
8.000000
25.000000
8.000000
8.000000
22.976191
25.333334
8.000000
8.000000
8.000000
8.000000
24.309525
25.000000
8.000000
8.000000
25.000000
8.000000
24.000000
8.000000
8.000000
18.099998
18.099998
8.000000
8.000000
8.000000
8.000000
8.000000
8.000000
8.000000
18.099998
24.309525
23.866667
8.000000
8.000000
24.309525
36.833336
8.000000
25.000000
8.000000
18.099998
25.000000
8.000000
8.000000
8.000000
8.000000
23.866667
8.000000
8.000000
8.000000
8.000000
24.366667
8.000000
8.000000
15.333333
8.000000
8.000000
8.000000
8.000000
22.476191
12.533333
25.342857
8.000000
8.000000
8.000000
24.309525
26.666668
25.000000
8.000000
25.000000
8.000000
8.000000
20.833334
8.000000
8.000000
8.000000
8.000000
8.000000
8.000000
8.000000
8.000000
8.000000
24.642857
8.000000
8.000000
8.000000
25.342857
8.000000
8.000000
27.166666
8.000000
24.309525
25.000000
25.342857
23.866667
8.000000
15.333334
25.342857
8.000000
8.000000
8.000000
18.099998
21.142857
8.000000
8.000000
25.000000
27.600002
8.000000
24.309525
8.000000
25.000000
8.000000
25.000000
24.000000
25.676189
8.000000
8.000000
8.000000
8.000000
8.000000
24.976191
8.000000
26.666668
8.000000
25.000000
26.666668
8.000000
8.000000
25.342857
8.000000
8.000000
25.676189
25.000000
22.976191
25.000000
8.000000
15.333333
8.000000
8.000000
8.000000
25.333334
25.342857
8.000000
8.000000
8.000000
25.342857
22.976191
8.000000
8.000000
22.476191
8.000000
8.000000