480438.937500
487305.562500
478944.875000
495801.625000
484370.531250
477926.687500
490063.593750
487108.250000
479535.531250
473900.687500
477379.625000
473623.093750
481132.468750
489440.281250
480906.812500
483562.343750
477749.468750
515192.500000
470642.187500
477274.812500
499885.718750
477010.968750
558521.625000
480847.062500
489772.343750
496617.656250
477526.812500
497133.437500
484047.750000
496091.156250
485456.343750
489892.281250
471999.156250
476966.343750
481500.718750
504903.718750
474674.843750
492309.406250
479454.093750
485563.062500
486732.625000
491242.593750
481819.187500
478107.843750
477154.125000
500489.468750
485747.437500
492066.406250
478849.968750
477464.625000
481552.218750
491719.218750
494685.906250
486875.906250
482997.000000
481761.625000
491188.468750
488857.156250
501168.906250
497789.937500
483116.812500
488730.093750
490044.718750
489658.875000
482099.968750
534014.062500
490446.250000
476162.781250
496198.468750
489891.093750
487704.781250
483714.406250
494375.875000
480207.156250
482774.125000
516015.031250
500632.968750
472550.187500
493308.062500
489434.375000
477225.187500
477202.218750
496481.750000
485003.437500
474217.531250
495216.281250
481038.531250
489361.312500
497416.968750
505151.062500
481108.375000
488144.281250
491959.562500
470335.250000
482905.875000
482247.656250
480432.093750
490241.687500
476390.937500
502799.687500
476371.062500
474441.718750
511861.562500
506567.750000
509347.343750
498309.843750
479337.843750
474160.750000
495553.468750
481156.468750
497143.062500
466907.437500
496906.812500
473033.906250
475367.187500
473999.781250
506211.281250
483172.093750
490422.718750
488976.781250
482423.625000
475568.312500
480528.468750
489752.437500
470968.593750
473226.343750
493212.250000
462151.187500
479686.718750
480804.406250
490116.312500
473062.468750
485786.468750
482482.281250
495442.468750
494705.468750
469338.468750
504359.687500
508786.781250
476903.531250
482575.968750
474384.031250
536228.562500
474888.625000
509877.562500
473563.187500
496243.312500
497911.968750
476159.906250
484811.625000
488543.531250
474770.781250
488205.000000
469168.937500
481015.437500
484615.625000
475670.906250
469359.531250
477545.062500
498125.562500
485168.250000
483706.718750
453607.437500
497172.718750
497156.750000
478988.500000
506789.375000
493346.062500
486848.437500
502229.968750
467938.937500
485840.562500
490587.750000
487641.218750
476885.531250
482267.343750
480884.500000
486903.000000
487281.312500
500760.031250
495057.750000
480784.718750
481541.437500
492710.625000
502558.781250
476286.531250
482844.656250
479390.031250
495481.062500
493675.625000
486453.156250
483067.656250
483002.843750
472095.343750
503119.500000
474145.468750
494377.812500
470267.312500
508287.593750
490492.187500
478055.906250
480509.656250
481191.906250
478965.750000
492321.687500
478139.750000
494461.718750
497886.250000
493024.562500
464644.781250
499909.156250
488719.281250
486262.312500
495441.562500
482411.343750
489565.187500
474034.687500
483715.468750
472538.437500
500353.343750
499137.937500
479433.500000
502246.937500
481567.468750
481185.000000
481648.187500
474425.156250
489462.218750
479599.500000
502649.062500
472028.500000
488705.843750
495169.062500
485030.468750
493586.562500
515382.187500
500359.937500
481121.500000
493736.250000
486710.375000
499082.531250
503478.406250
497095.468750
484929.406250
480948.843750
485823.468750
474123.218750
478246.312500
501341.531250
490435.093750
484542.968750
464943.750000
478346.687500
499548.593750
481413.218750
479281.843750
472368.312500
489400.500000
481695.187500
479419.750000
473173.593750
481351.562500
479226.156250
463471.250000
466656.687500
503719.781250
494058.218750
479532.750000
505161.875000
467254.343750
465214.781250
492044.281250
482592.625000
490190.250000
490254.750000
481070.875000
495129.250000
467561.718750
481232.406250
487516.468750
492631.875000
493204.781250
499193.781250
483887.500000
505957.218750
480044.593750
478954.906250
479072.406250
492507.125000
490891.093750
482124.562500
480193.500000
480972.562500
474589.156250
467761.218750
493337.781250
482697.687500
497001.687500
487875.218750
494286.687500
498679.375000
481123.000000
481235.406250
492951.750000
486766.187500
485751.156250
479946.406250
484690.781250
491716.343750
485584.625000
490393.656250
494276.625000
485032.656250
476797.687500
491565.156250
502646.718750
498173.625000
479286.156250
473164.375000
488821.468750
488500.781250
489627.625000
467515.250000
491676.093750
488930.437500
489300.187500
471701.937500
498930.593750
475444.687500
512618.218750
490990.437500
477454.343750
478403.812500
474946.718750
484121.750000
471120.468750
495579.562500
486080.968750
493378.750000
470613.812500
477740.312500
506571.250000
480849.062500
478713.187500
484389.968750
485789.375000
468951.968750
481739.625000
482715.375000
486996.812500
494421.625000
500316.375000
473875.562500
474016.937500
508804.031250
483443.312500
499121.125000
482117.968750
486381.312500
474095.437500
477915.406250
483903.656250
510668.375000
490994.250000
472880.375000
500153.375000
474039.312500
483094.968750
494340.656250
497479.312500
465971.843750
497798.750000
474302.187500
481798.656250
491730.406250
471003.843750
486503.281250
482492.718750
494200.687500
483683.156250
495255.687500
500075.125000
476143.937500
490424.031250
493772.000000
493533.531250
486509.281250
484810.937500
487775.968750
515292.687500
469806.875000
542262.312500
480471.000000
484939.531250
499166.781250
498717.937500
482510.500000
502189.531250
487411.656250
461634.937500