456557.281250
453441.375000
455222.812500
458060.656250
464220.500000
456979.093750
460040.406250
473247.625000
462525.875000
463121.781250
457975.656250
470717.718750
462740.781250
462367.218750
469403.031250
463476.937500
460197.218750
456669.218750
459120.593750
459168.468750
458521.375000
462273.968750
459090.593750
460506.062500
454590.000000
464798.937500
472687.562500
461763.500000
485227.625000
462409.000000
463809.625000
462897.968750
467306.843750
460020.093750
462824.062500
454908.843750
476683.875000
463895.531250
460206.093750
465318.937500
460611.406250
460551.406250
464579.375000
458912.843750
459656.062500
458805.781250
460440.656250
459365.406250
461610.156250
456747.625000
456876.000000
463166.125000
468478.906250
470265.250000
464918.031250
465762.781250
458068.156250
470071.343750
461633.937500
453167.562500
460015.625000
456119.062500
468508.593750
452975.968750
456026.843750
470730.062500
474953.812500
475620.156250
461485.843750
457642.062500
460615.468750
459504.812500
455426.375000
468076.468750
464622.156250
462574.187500
464845.718750
474843.062500
457892.687500
465319.500000
466966.968750
458880.718750
452179.687500
456034.562500
460313.968750
460688.031250
474426.218750
449180.531250
462925.781250
460942.093750
460930.781250
459394.093750
460840.125000
472212.312500
464435.687500
456731.375000
468509.468750
463040.781250
465232.125000
459678.437500
464357.031250
461471.093750
467346.218750
453603.031250
454535.937500
466759.718750
454934.093750
461428.812500
466525.375000
461932.000000
459150.875000
468756.906250
458800.437500
460286.718750
460290.968750
473199.718750
465128.593750
464068.593750
469570.312500
467671.187500
465169.687500
457760.500000
452977.562500
463601.375000
465440.531250
455334.187500
467741.937500
456673.937500
460582.125000
465217.531250
477529.656250
463996.062500
464551.250000
460116.218750
459674.656250
468192.062500
458605.062500
470587.656250
459861.625000
469212.906250
467698.250000
466437.187500
456881.375000
458051.062500
464567.750000
463132.000000
467219.687500
477203.562500
469097.250000
461060.718750
458102.031250
474551.437500
459116.468750
462935.093750
462166.218750
467681.375000
463278.375000
463255.718750
470368.500000
474960.156250
458226.968750
463171.250000
458264.406250
456474.468750
460234.437500
460012.218750
460302.937500
458798.156250
461986.656250
459746.531250
461522.250000
458656.437500
458730.625000
463776.437500
458581.906250
462096.031250
456163.093750
458162.031250
455802.718750
463820.500000
457278.625000
460196.968750
454856.593750
461637.656250
470186.125000
453051.187500
460917.250000
459840.781250
458755.718750
459712.156250
461878.750000
457502.531250
459996.812500
458603.562500
463621.281250
457168.593750
463426.312500
457157.156250
463101.843750
464624.375000
460398.843750
454825.750000
472022.343750
456728.562500
462855.031250
465318.718750
462645.406250
457249.625000
461486.937500
471173.125000
459418.656250
461915.375000
472782.375000
471154.000000
457226.218750
454481.250000
457390.187500
466125.812500
460645.375000
458615.062500
459438.593750
468637.250000
462944.187500
452300.781250
455452.937500
458776.750000
455277.937500
463948.687500
460040.062500
467835.875000
471804.750000
469256.437500
458571.843750
465411.843750
464158.187500
461185.093750
459527.281250
468153.000000
466429.218750
459237.875000
466552.750000
465586.781250
466701.687500
466974.718750
455763.281250
460149.031250
461082.812500
459345.531250
464778.968750
460064.218750
451643.312500
467824.812500
467801.406250
458976.781250
461315.312500
460933.843750
455984.656250
467945.781250
455971.343750
454799.656250
456367.750000
458886.437500
467366.531250
453615.875000
459304.593750
473346.625000
457550.468750
462256.437500
461721.968750
459402.500000
465338.000000
461601.968750
456704.250000
461286.343750
488150.843750
458814.843750
465555.125000
454834.406250
464991.031250
460150.843750
460051.375000
463781.375000
460180.468750
461459.031250
466494.468750
460094.468750
461929.031250
454931.718750
462750.187500
454035.093750
460803.968750
462959.875000
466737.593750
459757.343750
462743.406250
468143.812500
457238.156250
462206.062500
456728.562500
457917.937500
464049.625000
453286.187500
467160.687500
463611.531250
461147.562500
455313.718750
453743.031250
459699.250000
467979.156250
465427.812500
463473.281250
455468.437500
468255.281250
465177.093750
465715.312500
450902.406250
458586.781250
464709.718750
451859.968750
466464.937500
460652.406250
455541.250000
464999.531250
472427.031250
472179.000000
464131.437500
458325.187500
462964.375000
460402.812500
470275.812500
468915.875000
454538.812500
458690.593750
463659.875000
461813.968750
457818.906250
461412.250000
458715.875000
463002.875000
459451.906250
466538.343750
463469.062500
461508.843750
467725.843750
464596.312500
457550.406250
458624.281250
458546.812500
471608.000000
463883.125000
458196.781250
462403.468750
453406.562500
472118.031250
456287.125000
459402.375000
489460.281250
461874.375000
464237.531250
483936.906250
463937.843750
458999.593750
458589.593750
462384.656250
462484.593750
460004.781250
460797.906250
463152.468750
462483.593750
460830.843750
453654.031250
462118.250000
463263.375000
457310.937500
461341.812500
455858.625000
463418.000000
468822.968750
455227.687500
464058.750000
467635.312500
458239.250000
454233.687500
458665.843750
459615.125000
460181.500000
457603.968750
457730.531250
454116.031250
465634.593750
462610.281250
464945.562500
463244.125000
458625.156250
458115.000000
451196.125000
462691.781250
458211.406250
461117.781250
463218.531250