34767472.000000
33811052.000000
34862256.000000
35142348.000000
34847604.000000
33002034.000000
36341792.000000
33912844.000000
37248436.000000
35467772.000000
32856980.000000
32365676.000000
34750296.000000
32422928.000000
34825092.000000
34454024.000000
35626184.000000
33975256.000000
33551398.000000
34270684.000000
34731356.000000
33615040.000000
33992724.000000
33323386.000000
33191338.000000
36911940.000000
35500516.000000
37419060.000000
34381176.000000
33649484.000000
35782940.000000
32890198.000000
34298160.000000
34580016.000000
32250456.000000
34259516.000000
33891424.000000
33445854.000000
33534660.000000
36935624.000000
39354228.000000
37688444.000000
37389216.000000
37444820.000000
40586796.000000
35144760.000000
35138248.000000
38175964.000000
32795084.000000
33675072.000000
36930388.000000
33798272.000000
34608960.000000
35189488.000000
36005832.000000
38687668.000000
44474700.000000
36393964.000000
33430674.000000
37747100.000000
33810080.000000
36564260.000000
39102364.000000
33720752.000000
33424918.000000
38220896.000000
34438644.000000
38948932.000000
36491220.000000
36123952.000000
35258272.000000
34507792.000000
34563512.000000
34374664.000000
37577996.000000
34859744.000000
39383304.000000
35865864.000000
34737264.000000
33138868.000000
33979200.000000
36460740.000000
33865804.000000
35439748.000000
36905168.000000
33601500.000000
35116052.000000
35567104.000000
33705524.000000
36093136.000000
34243284.000000
36474264.000000
35998368.000000
35285976.000000
38851876.000000
41896948.000000
33699128.000000
40316584.000000
37134184.000000
35265836.000000
33901884.000000
38066548.000000
32986150.000000
36314464.000000
33562652.000000
34492408.000000
34767828.000000
33871976.000000
41428832.000000
32391906.000000
35416940.000000
35048768.000000
35787524.000000
34448880.000000
33996804.000000
41078492.000000
34267572.000000
34776632.000000
34870772.000000
33626720.000000
34507260.000000
33978928.000000
36263708.000000
41434632.000000
33944304.000000
36133624.000000
33060700.000000
35097772.000000
35605776.000000
41881024.000000
35514476.000000
35470476.000000
33743368.000000
36252072.000000
34416236.000000
33785176.000000
34978332.000000
34493804.000000
35178604.000000
44217236.000000
37682096.000000
33616524.000000
37556948.000000
34418856.000000
42747184.000000
34893012.000000
37455360.000000
34028156.000000
36822812.000000
35455944.000000
34185100.000000
34837972.000000
36159304.000000
38332380.000000
35121148.000000
35215816.000000
35330976.000000
33259394.000000
36664720.000000
33867836.000000
34308092.000000
33653884.000000
34003808.000000
35193876.000000
34464840.000000
34002884.000000
32549418.000000
34944828.000000
33211070.000000
37027768.000000
34294016.000000
33795380.000000
36511656.000000
34481084.000000
32587982.000000
33818580.000000
34546608.000000
36823224.000000
34405028.000000
34920732.000000
32762624.000000
42386860.000000
35829012.000000
33940672.000000
40374772.000000
37501804.000000
33904396.000000
33934920.000000
33629952.000000
34999020.000000
34342208.000000
34453252.000000
34648036.000000
36156628.000000
35780740.000000
35129356.000000
34636292.000000
33336224.000000
33678288.000000
36430768.000000
32749914.000000
33672816.000000
42345276.000000
34054276.000000
37668588.000000
33383608.000000
38440780.000000
34851732.000000
33513028.000000
35106528.000000
33888416.000000
34062280.000000
34955052.000000
35520468.000000
40453788.000000
33969112.000000
35090340.000000
39603576.000000
38711240.000000
36801488.000000
33989548.000000
34867384.000000
35194028.000000
38970476.000000
33040138.000000
33102620.000000
36572696.000000
36266256.000000
33120422.000000
35966876.000000
36576812.000000
35787144.000000
34078640.000000
34749556.000000
33532054.000000
32819644.000000
36790636.000000
37907100.000000
35249284.000000
32754272.000000
38456764.000000
43759768.000000
41093264.000000
35037228.000000
31195704.000000
36108876.000000
34160228.000000
32586072.000000
35261616.000000
33161926.000000
38635820.000000
34358412.000000
35230568.000000
33870168.000000
34056220.000000
33565480.000000
40592616.000000
34818104.000000
38174064.000000
34088620.000000
34563772.000000
35019636.000000
32120022.000000
34713428.000000
34734416.000000
33928276.000000
34539880.000000
34951504.000000
33798760.000000
40493144.000000
34995892.000000
36152816.000000
33344446.000000
34269096.000000
37997636.000000
36797216.000000
35397380.000000
35502860.000000
33114264.000000
34535528.000000
36771192.000000
34647260.000000
34626000.000000
37625604.000000
34072300.000000
34383608.000000
34201900.000000
33004328.000000
37214380.000000
33742136.000000
35375168.000000
34298996.000000
34846172.000000
34570208.000000
35022952.000000
32017656.000000
34544476.000000
31138068.000000
34551400.000000
33600544.000000
34178464.000000
33087946.000000
34225472.000000
40922084.000000
36267312.000000
36335648.000000
35781096.000000
36438920.000000
34036744.000000
34032968.000000
34067680.000000
40612032.000000
35340040.000000
31856476.000000
36721128.000000
34671728.000000
34027712.000000
34859140.000000
39218824.000000
34232336.000000
33975540.000000
40021768.000000
34713536.000000
41605436.000000
37495372.000000
33538648.000000
34076320.000000
32734346.000000
36600524.000000
37366188.000000
36113148.000000
36166628.000000
36261768.000000
33134718.000000
33428460.000000
34295384.000000
39514448.000000
34191328.000000
33383398.000000
33355980.000000
35245576.000000
38366692.000000
34569928.000000
33541370.000000
33995536.000000
33837304.000000
34584572.000000
34848928.000000
34093284.000000
37959996.000000
36026504.000000
34874684.000000
34083648.000000
33254894.000000
35452244.000000
35789560.000000
36047220.000000
34266944.000000
34996288.000000
34872140.000000
39574156.000000
33198880.000000
36301392.000000
33894600.000000
33899500.000000
32689686.000000
38084412.000000
36687652.000000
41341576.000000
37933148.000000
36552432.000000
42782164.000000
34912544.000000
33649044.000000
35055132.000000
38675512.000000
32404408.000000
33575228.000000
34002988.000000
37318712.000000
34494260.000000
42516144.000000
33361018.000000
33165818.000000
35404068.000000
42255484.000000
34476252.000000
35218608.000000
33482738.000000
34251536.000000
34303256.000000
34387532.000000
34583144.000000
35502364.000000
33116876.000000
34248168.000000
32674446.000000
34743804.000000
41231820.000000
36892204.000000
42198152.000000
34729392.000000
37304564.000000
40321028.000000
37308512.000000
34284072.000000
34361816.000000
36218616.000000
38575312.000000
33107008.000000
35404944.000000
35037648.000000
36211028.000000
32389936.000000
34211128.000000
35920080.000000
37092780.000000
35208824.000000
37045608.000000
33210686.000000
36384416.000000
33875092.000000
38037728.000000
35468020.000000
32713672.000000
33334526.000000
32835708.000000
33136492.000000
41997188.000000
33444426.000000
35464468.000000
39893248.000000
33231064.000000
34242432.000000
34329968.000000
36184500.000000
33762612.000000
39639852.000000
33839080.000000
33783316.000000
37411164.000000
40866316.000000
41859636.000000
33684820.000000
42674756.000000
34400900.000000
33092732.000000
32923492.000000
34101280.000000
36550792.000000
33802484.000000
34307264.000000
34096444.000000
35174616.000000
38663024.000000
35830388.000000
37599776.000000
34966428.000000
34032012.000000
33755924.000000
34270160.000000
37207180.000000
41849964.000000
34912480.000000
34731860.000000
34180540.000000
33276808.000000
38819212.000000
35572836.000000
34612480.000000
34270404.000000
35554240.000000
31876656.000000
35214992.000000
39237976.000000
37764864.000000
34722636.000000
34027660.000000
34878332.000000
35136988.000000
39531620.000000
33996252.000000
34001704.000000
33444004.000000
34692452.000000
31999602.000000
35138340.000000
34174068.000000
35249564.000000
34617648.000000
35058720.000000
33610788.000000
36615704.000000
37478148.000000
34961972.000000
33458514.000000
33604604.000000
33126702.000000
34344456.000000
33621256.000000