31531440.000000
31265038.000000
32797840.000000
31853648.000000
35764120.000000
31642680.000000
34389768.000000
32104310.000000
32769664.000000
32543138.000000
32350136.000000
34820884.000000
32352792.000000
31283990.000000
31986412.000000
38963744.000000
38176644.000000
34162060.000000
31707200.000000
32214562.000000
31758282.000000
33893192.000000
32959182.000000
33151682.000000
33125480.000000
34268152.000000
32189012.000000
31631498.000000
37050216.000000
33016852.000000
32349634.000000
32393684.000000
32085912.000000
33199318.000000
34975344.000000
33947096.000000
32453592.000000
33496702.000000
36294572.000000
33159352.000000
35539592.000000
31643858.000000
34011880.000000
33044150.000000
31506288.000000
33753424.000000
34134580.000000
32637992.000000
34611876.000000
33546420.000000
32246530.000000
33248248.000000
31270572.000000
36359424.000000
31456904.000000
32958094.000000
34008380.000000
31520990.000000
34853784.000000
33019014.000000
30877396.000000
34939248.000000
31989988.000000
34227076.000000
34963444.000000
32193708.000000
32066778.000000
32774486.000000
32643292.000000
35251608.000000
31617174.000000
36073584.000000
35459824.000000
35974220.000000
33563416.000000
32932866.000000
32753566.000000
34854464.000000
32939588.000000
34593836.000000
35126092.000000
35059692.000000
35203364.000000
34820752.000000
33272546.000000
32682840.000000
33308198.000000
34428092.000000
34461280.000000
34094788.000000
30891674.000000
32559952.000000
32788444.000000
34165068.000000
33565776.000000
32336722.000000
34254912.000000
36978128.000000
33684108.000000
33309208.000000
31923902.000000
36052312.000000
35465688.000000
34008908.000000
34515904.000000
32803066.000000
33662516.000000
36607448.000000
32246310.000000
35502036.000000
32660896.000000
34639576.000000
34578136.000000
34202980.000000
32995182.000000
32300792.000000
32104424.000000
31597600.000000
33795336.000000
32138436.000000
32695596.000000
34262260.000000
31517636.000000
33044992.000000
33151008.000000
32268236.000000
32954606.000000
32741894.000000
32469618.000000
32169132.000000
32854072.000000
37071664.000000
34876356.000000
32966610.000000
34917504.000000
32684232.000000
33769000.000000
33038992.000000
34103304.000000
31175542.000000
32828160.000000
32125110.000000
35262632.000000
32284530.000000
33946324.000000
34643440.000000
40431240.000000
33062092.000000
33845456.000000
31352880.000000
34810412.000000
33412852.000000
32692128.000000
33240400.000000
31941906.000000
33163228.000000
32617644.000000
34352512.000000
35513800.000000
34407200.000000
32103136.000000
32357668.000000
33352430.000000
34197084.000000
32250120.000000
32899566.000000
33137136.000000
33579256.000000
35308668.000000
30927566.000000
32961588.000000
34174844.000000
32080250.000000
34429688.000000
34709284.000000
32769462.000000
31412566.000000
32125450.000000
31960912.000000
34103304.000000
32114550.000000
34567080.000000
34601504.000000
32672348.000000
31630318.000000
31537512.000000
34813784.000000
33493846.000000
31673066.000000
31948630.000000
36073536.000000
31930792.000000
32211104.000000
33070832.000000
32337360.000000
33180008.000000
35177352.000000
32728650.000000
32251180.000000
32998272.000000
32687562.000000
32515702.000000
34169140.000000
34834764.000000
35971476.000000
31783064.000000
34570668.000000
30710610.000000
34805180.000000
33750084.000000
32183938.000000
31573850.000000
31918420.000000
31400572.000000
32764140.000000
32643198.000000
33636352.000000
33954908.000000
32184662.000000
32344484.000000
32506204.000000
31396530.000000
32204066.000000
32056640.000000
32032436.000000
31569626.000000
31318864.000000
31554590.000000
35795984.000000
33401880.000000
31243622.000000
32482130.000000
35168992.000000
31639994.000000
33265328.000000
32342698.000000
32154708.000000
34096868.000000
31562732.000000
32172482.000000
33663684.000000
32283996.000000
35067308.000000
34036088.000000
32493970.000000
31279072.000000
30741082.000000
34360348.000000
33074868.000000
32444452.000000
31079476.000000
33468384.000000
34052732.000000
35197112.000000
35118448.000000
32448312.000000
33970168.000000
33597908.000000
31986220.000000
33583396.000000
32476018.000000
35794140.000000
31954224.000000
36466072.000000
35604476.000000
34096504.000000
32682842.000000
34520208.000000
33394838.000000
31944954.000000
32823868.000000
34550608.000000
32167562.000000
32637002.000000
32672448.000000
32515924.000000
32018958.000000
31817516.000000
33707568.000000
34970300.000000
33219654.000000
33465720.000000
32125056.000000
36088068.000000
33230234.000000
32024210.000000
32725962.000000
31894276.000000
32170824.000000
34277664.000000
32603270.000000
35634940.000000
34894128.000000
34254968.000000
34584620.000000
33839388.000000
31776022.000000
32648672.000000
32870676.000000
34860044.000000
31957436.000000
33686424.000000
32358306.000000
33471488.000000
36687676.000000
32417314.000000
33973280.000000
32472512.000000
32374520.000000
32986362.000000
33350710.000000
38045076.000000
32624416.000000
32346376.000000
35742372.000000
32113356.000000
32673294.000000
31790846.000000
33703040.000000
33031468.000000
34441096.000000
33346172.000000
35214964.000000
33290448.000000
31777608.000000
32642214.000000
33073986.000000
32742884.000000
31662652.000000
32108722.000000
33685712.000000
32667288.000000
32533270.000000
34540892.000000
32831860.000000
33117022.000000
34624032.000000
32714050.000000
35480668.000000
33942548.000000
34943932.000000
33907000.000000
32890732.000000
32987628.000000
33006210.000000
34290296.000000
32424758.000000
33605888.000000
33848788.000000
32853014.000000
31989396.000000
36256092.000000
35176588.000000
35544508.000000
35176576.000000
32359240.000000
35325640.000000
33916628.000000
32845692.000000
35230344.000000
34702096.000000
31803410.000000
34813748.000000
35518556.000000
32050120.000000
32198878.000000
34852736.000000
32335996.000000
33048270.000000
32388098.000000
32312262.000000
32574854.000000
32621148.000000
33387142.000000
33873012.000000
35295048.000000
36325352.000000
33191618.000000
33797700.000000
31395068.000000
35712540.000000
32458852.000000
35763844.000000
33461604.000000
31360982.000000
34418824.000000
35015748.000000
34635880.000000
33068990.000000
35532632.000000
31696540.000000
33407954.000000
35205360.000000
36039672.000000
34680960.000000
32116744.000000
33550982.000000
36236044.000000
35707328.000000
32917476.000000
32932468.000000
33864580.000000
30822986.000000
33229242.000000
32698090.000000
31557150.000000
32290060.000000
33196216.000000
32675082.000000
31342946.000000
32662116.000000
35448756.000000
33982168.000000
32700998.000000
32110018.000000
32723588.000000
32808616.000000
34247204.000000
32593398.000000
32260914.000000
32002184.000000
31445050.000000
31385066.000000
37089200.000000
34872916.000000
31790308.000000
34077040.000000
34161516.000000
33413294.000000
34624444.000000
32281666.000000
35042744.000000
33107476.000000
33338552.000000
32523602.000000
31905462.000000
32745562.000000
32422626.000000
34791396.000000
33758944.000000
33544152.000000
32256798.000000
32556952.000000
31464440.000000
32532196.000000
33056476.000000
33742584.000000
32533326.000000
32012940.000000
35029300.000000
34017536.000000
33841700.000000
34276660.000000
34062428.000000
32921164.000000
31842670.000000
33469342.000000
34561388.000000
34153384.000000
32422590.000000
31538958.000000
32231172.000000
33349378.000000
33247478.000000
33455228.000000
34091324.000000
31486192.000000
32271970.000000
35462800.000000
33685520.000000
35462180.000000
34162232.000000
32572670.000000
31262662.000000
31825448.000000
32768640.000000
32566962.000000
31738588.000000
31913712.000000
33207564.000000
33206880.000000
36544472.000000
33703272.000000
36308420.000000
33067720.000000
31811714.000000
32222450.000000
34120808.000000
33662444.000000
32292970.000000
31612524.000000
31400958.000000
31926576.000000
32715636.000000
34913444.000000
33660164.000000
32469246.000000
34460460.000000
31498638.000000
33026244.000000
